   0.0273348868
   0.0285184187
   0.0215037665
   0.0309772685
   0.0090128003
   0.0087684248
   0.0113725757
   0.0096052978
   0.0247053624
   0.0139813449
   0.0288442281
   0.0184933078
   0.0114332885
  -0.0091841291
  -0.0214134753
  -0.0172953243
  -0.0332651905
  -0.0203019615
  -0.0322792336
  -0.0330144121
  -0.0047078449
  -0.0347243503
  -0.0183950944
  -0.0097165190
  -0.0256639898
  -0.0167012109
  -0.0126557755
   0.0041977201
   0.0055025056
   0.0188806481
   0.0027397847
   0.0097806006
  -0.0022319713
   0.0018938668
   0.0023947384
   0.0166435123
   0.0054706152
   0.0076445108
   0.0090809781
   0.0014495298
   0.0053177528
  -0.0014720455
  -0.0046612669
   0.0148573935
   0.0048476711
  -0.0024796260
   0.0074810536
  -0.0250900027
  -0.0290101393
  -0.0401753663
  -0.0339655434
  -0.0423474134
  -0.0465458249
  -0.0387337750
  -0.0414529989
  -0.0473491437
  -0.0462111454
  -0.0406150592
  -0.0457231722
  -0.0401097396
  -0.0229657783
  -0.0376233486
  -0.0325160028
  -0.0205706719
   0.0012241142
  -0.0005952215
   0.0132146011
   0.0008857692
   0.0032790841
   0.0197036748
   0.0037285135
   0.0056507209
   0.0165781280
  -0.0035314724
   0.0196860189
  -0.0007173212
   0.0095734144
  -0.0291401857
  -0.0378755552
  -0.0465871313
  -0.0368447536
  -0.0513776621
  -0.0537449760
  -0.0496260999
  -0.0448549295
  -0.0541955459
  -0.0553010245
  -0.0528319048
  -0.0399747378
  -0.0497711257
  -0.0525903266
  -0.0477121051
  -0.0345869313
  -0.0433967867
  -0.0304492492
  -0.0222175224
   0.0040264833
   0.0032652860
   0.0134253638
   0.0029449768
   0.0026491853
   0.0047247275
   0.0096170311
   0.0003669150
   0.0094642817
   0.0119608040
   0.0029813156
   0.0035206703
  -0.0022169863
  -0.0017354447
   0.0041915402
   0.0056129440
   0.0035828785
  -0.0378041423
   0.0028668708
  -0.0009016027
  -0.0029601582
   0.0296243010
   0.0353350738
   0.0315790848
   0.0303213544
   0.0496568390
   0.0366855215
   0.0320621672
   0.0300939407
   0.0375173600
   0.0307095643
   0.0375894946
   0.0222114064
   0.0028637462
   0.0274078573
   0.0205685323
   0.0096327652
  -0.0082837425
  -0.0026523363
   0.0233085685
   0.0175533571
   0.0120248530
   0.0179932087
   0.0246611416
   0.0200832313
   0.0183631730
   0.0222487501
   0.0150801400
   0.0072973810
   0.0165004586
   0.0226896911
   0.0258189786
   0.0198243547
   0.0069564864
  -0.0188769301
   0.0050109824
   0.0365474746
   0.0255946277
   0.0440322774
   0.0252040078
   0.0360205727
   0.0441867090
   0.0260263485
   0.0365762273
   0.0371493943
   0.0272772223
  -0.0097339895
   0.0021773526
   0.0103028357
   0.0048203968
  -0.0170430650
   0.0101932681
   0.0046869702
  -0.0190667882
   0.0012779462
   0.0056885264
   0.0055504962
   0.0024401001
  -0.0032551083
   0.0063518611
   0.0070998812
  -0.0148844858
   0.0022303636
   0.0083146167
   0.0081563613
  -0.0238098817
   0.0009633824
  -0.0248088044
  -0.0003497607
  -0.0259000094
  -0.0096745506
   0.0033994258
   0.0085994667
   0.0052320495
   0.0041500745
   0.0010705423
   0.0073397955
   0.0067009412
   0.0065093154
   0.0026681490
   0.0008669416
   0.0022264463
   0.0026498790
  -0.0041471286
   0.0009130691
   0.0031188343
   0.0033563910
  -0.0027092923
  -0.0187336412
  -0.0066475505
  -0.0378383868
   0.0043599363
  -0.0055914712
  -0.0330142460
   0.0022333472
   0.0034124578
  -0.0019493223
  -0.0188121763
   0.0009372157
   0.0018161846
   0.0026271068
  -0.0050470937
   0.0014896214
   0.0023006530
  -0.0211018446
  -0.0041572805
  -0.0228953999
  -0.0013823506
   0.0043586921
  -0.0265718390
  -0.0023856644
   0.0036613272
  -0.0068285020
   0.0224112730
   0.0246992465
   0.0320848549
   0.0233187924
   0.0177061915
   0.0238074260
   0.0252546896
   0.0086447193
   0.0075277669
   0.0108880409
   0.0074607760
   0.0188561882
   0.0102422431
   0.0334358722
   0.0141233398
   0.0220127407
   0.0134823059
   0.0090704615
  -0.0053913521
  -0.0132499277
  -0.0103119883
  -0.0210188297
  -0.0129029402
  -0.0233622517
  -0.0192895345
   0.0025359841
  -0.0240210371
  -0.0189625579
  -0.0151280378
  -0.0222777177
  -0.0114104139
  -0.0073068766
  -0.0162358984
  -0.0100525622
  -0.0075507598
   0.0026699558
   0.0028807206
   0.0107734241
   0.0006674741
   0.0056719179
  -0.0034320065
   0.0006648591
   0.0027903536
   0.0096233461
   0.0037432054
   0.0054840980
   0.0053877588
   0.0024502848
   0.0015858192
  -0.0019163905
  -0.0056833419
   0.0084749835
   0.0030231757
  -0.0034371162
   0.0035994129
  -0.0179498074
  -0.0196843285
  -0.0289560219
  -0.0245124721
  -0.0305492324
  -0.0349016975
  -0.0287059186
  -0.0287749209
  -0.0360923756
  -0.0363243649
  -0.0277170131
  -0.0356036340
  -0.0362430517
  -0.0279411415
  -0.0338269446
  -0.0295692625
  -0.0137071739
  -0.0262535589
  -0.0230377682
  -0.0140684148
   0.0009846991
  -0.0025906827
   0.0078059186
  -0.0011335382
   0.0005965741
   0.0110440033
   0.0030738161
   0.0012864573
   0.0093510280
  -0.0045488342
  -0.0022788729
  -0.0126998485
   0.0045788389
  -0.0215190457
  -0.0273005085
  -0.0347130625
  -0.0267990539
  -0.0385915526
  -0.0416479846
  -0.0371042254
  -0.0403624325
  -0.0442098554
  -0.0435755094
  -0.0378049891
  -0.0396078936
  -0.0437426442
  -0.0430670956
  -0.0368886243
  -0.0369613657
  -0.0400825618
  -0.0343638544
  -0.0246581533
  -0.0315355948
  -0.0208938113
  -0.0160679378
   0.0032924168
   0.0016505968
   0.0076696270
  -0.0002162762
   0.0024026771
   0.0024154033
   0.0072961768
   0.0080998567
   0.0074233319
   0.0085654976
   0.0063220745
   0.0002990155
   0.0015822789
  -0.0033245284
   0.0010332612
   0.0026736205
   0.0018954824
   0.0021745471
  -0.0036745403
   0.0256960022
   0.0288700656
   0.0267057501
   0.0257061170
   0.0376392936
   0.0302758179
   0.0274706608
   0.0258066964
   0.0381708153
   0.0309711916
   0.0273012156
   0.0255847289
   0.0399487774
   0.0313245678
   0.0264855178
   0.0306301866
   0.0198479521
   0.0105884562
  -0.0047154768
   0.0224641694
   0.0174615692
   0.0101344332
  -0.0007084677
  -0.0057649412
   0.0193818027
   0.0150885432
   0.0100435113
   0.0118760366
   0.0170080627
   0.0208527744
   0.0162852280
   0.0143570643
   0.0179842631
   0.0129627351
   0.0059803226
   0.0091810848
   0.0152292495
   0.0189531809
   0.0210346681
   0.0163789705
   0.0077040029
  -0.0077224871
   0.0196823719
   0.0105162628
  -0.0068080243
   0.0296197740
   0.0220912947
   0.0363653569
   0.0214492965
   0.0296244012
   0.0392170338
   0.0156673333
   0.0260020486
   0.0325103758
   0.0365103093
   0.0083604791
   0.0224790887
   0.0302875986
   0.0301177619
   0.0234503975
  -0.0012072931
   0.0059420984
  -0.0000559343
   0.0079226251
   0.0043544654
  -0.0055506831
   0.0057624150
  -0.0006667238
   0.0041389120
  -0.0029397326
   0.0029522537
   0.0035237101
   0.0016934451
  -0.0046163433
  -0.0001050608
   0.0045415740
   0.0043972825
  -0.0207928163
  -0.0051139220
   0.0030942499
   0.0058548190
   0.0049101006
  -0.0099097181
   0.0014028745
   0.0065007702
  -0.0300984959
  -0.0087520592
   0.0014566492
   0.0067463514
  -0.0126974885
  -0.0023562583
   0.0039270161
   0.0061586228
   0.0032413460
   0.0028253444
  -0.0006500196
   0.0021665971
   0.0050959311
   0.0041241841
   0.0039010829
   0.0002911532
  -0.0004857486
   0.0000150793
   0.0009586144
  -0.0022968483
  -0.0046795428
  -0.0001543005
  -0.0001090111
   0.0014066932
  -0.0009653670
  -0.0083716835
  -0.0203886995
   0.0016627483
  -0.0040139474
  -0.0164690557
   0.0012907657
  -0.0033930910
  -0.0148994030
  -0.0007268577
   0.0012651204
  -0.0006830514
  -0.0082176511
  -0.0224016547
  -0.0004990397
  -0.0003604259
   0.0008234715
  -0.0025720558
  -0.0052124609
   0.0003766461
   0.0000871473
  -0.0168183941
  -0.0076014718
  -0.0239093391
  -0.0059924662
   0.0003953255
  -0.0120105733
  -0.0016978810
   0.0022019286
  -0.0077385408
  -0.0005363334
  -0.0105981376
   0.0187865828
   0.0209000065
   0.0250754466
   0.0233418998
   0.0194545868
   0.0205733279
   0.0157593834
   0.0074073324
  -0.0112468035
   0.0201485769
   0.0223789019
   0.0212379491
   0.0080047196
   0.0069405359
   0.0100779442
   0.0064379500
   0.0151922115
   0.0083156973
   0.0257329248
   0.0101755857
   0.0209338954
   0.0066405571
   0.0287865126
   0.0176499142
   0.0107582610
   0.0078337776
  -0.0028589488
  -0.0081888316
  -0.0058290159
  -0.0078510351
  -0.0133956246
  -0.0078682063
  -0.0153277591
  -0.0125809335
  -0.0165451604
  -0.0073484882
  -0.0161230371
  -0.0121555978
  -0.0105992046
  -0.0143958069
  -0.0067547228
  -0.0050232926
  -0.0102698777
  -0.0056555079
  -0.0041769263
   0.0021154767
   0.0025407156
   0.0067369992
   0.0002573161
   0.0037839350
  -0.0029292594
   0.0005258788
   0.0029013218
   0.0061278056
   0.0035754956
   0.0047524696
   0.0038056253
   0.0030619997
   0.0000019352
  -0.0016119989
  -0.0053320731
   0.0025826499
  -0.0076881382
  -0.0033240045
   0.0019291377
  -0.0131182307
  -0.0132471175
  -0.0220151189
  -0.0185355592
  -0.0217578659
  -0.0271550490
  -0.0244429978
  -0.0193156454
  -0.0275831865
  -0.0290973536
  -0.0180797100
  -0.0270123167
  -0.0289187150
  -0.0236687747
  -0.0187197085
  -0.0259116830
  -0.0245793198
  -0.0194391377
  -0.0173434568
  -0.0097254997
   0.0003567044
   0.0047164930
  -0.0006412445
   0.0067455419
   0.0020992646
  -0.0007485852
   0.0054182679
  -0.0045833890
  -0.0027814336
  -0.0091742399
   0.0020307595
  -0.0163748987
  -0.0206347082
  -0.0274424414
  -0.0203139842
  -0.0267287751
  -0.0332817554
  -0.0326618731
  -0.0247656825
  -0.0286187569
  -0.0350442636
  -0.0362454376
  -0.0336781068
  -0.0345731987
  -0.0358028122
  -0.0330353880
  -0.0253625987
  -0.0319326803
  -0.0308736808
  -0.0187267588
  -0.0246508139
  -0.0120234559
   0.0023155383
   0.0011031655
   0.0048140219
  -0.0009453649
   0.0018605200
   0.0014971159
   0.0007504024
  -0.0056584178
   0.0054167118
  -0.0130273975
  -0.0008191073
   0.0042770783
   0.0059832544
   0.0053452549
   0.0057183865
   0.0040821582
  -0.0004612024
   0.0007745701
  -0.0034287733
  -0.0004925071
   0.0005254355
   0.0003124890
   0.0008490952
  -0.0005725024
  -0.0061093320
  -0.0204363733
   0.0000250410
  -0.0037445336
   0.0228650581
   0.0256366596
   0.0234881067
   0.0320386959
   0.0263534772
   0.0240476888
   0.0225683282
   0.0326628958
   0.0269323318
   0.0239703678
   0.0224742885
   0.0338738482
   0.0272151398
   0.0234772550
   0.0272160279
   0.0096774054
  -0.0028925978
   0.0201746035
   0.0153235194
   0.0089468313
  -0.0004064919
  -0.0093167855
   0.0169118413
   0.0122586447
   0.0072205481
   0.0092529777
   0.0146069771
   0.0187266648
   0.0136476248
   0.0116207867
   0.0153494830
   0.0100926377
   0.0031439794
   0.0065587738
   0.0127257768
   0.0166078806
   0.0186451814
   0.0142264247
   0.0069600011
  -0.0057527458
   0.0097021071
  -0.0041400235
   0.0256938253
   0.0183671253
   0.0319730255
   0.0078316456
   0.0191604892
   0.0258523981
   0.0346134957
   0.0145843390
   0.0226990951
   0.0282953302
   0.0320212765
   0.0094293051
   0.0199732104
   0.0263516207
   0.0260813935
   0.0195561533
  -0.0019787844
   0.0033511012
  -0.0031302768
   0.0052493924
   0.0013384789
  -0.0090926793
   0.0030845859
  -0.0039985245
  -0.0037399734
   0.0012971189
   0.0022154725
   0.0004481839
  -0.0062280215
  -0.0019297098
   0.0027356138
   0.0029208267
  -0.0129134277
  -0.0022885680
   0.0028381337
   0.0043480940
  -0.0205065500
  -0.0049426946
   0.0022804262
  -0.0179593169
  -0.0045844516
   0.0022878147
  -0.0176836971
  -0.0084305105
  -0.0007167126
   0.0034022279
   0.0047097305
   0.0018998467
   0.0015752852
  -0.0022736052
   0.0003176813
   0.0033723847
   0.0027498678
   0.0023047222
  -0.0010781012
  -0.0015365185
  -0.0011699405
  -0.0005299429
  -0.0038083346
  -0.0059360312
  -0.0011277628
   0.0000845563
  -0.0010108372
  -0.0056673914
  -0.0147463939
  -0.0024701813
  -0.0104196010
  -0.0273365289
   0.0005986561
  -0.0023039723
  -0.0094158564
  -0.0255199769
  -0.0001979004
  -0.0009158442
  -0.0054027383
  -0.0151845819
  -0.0014740961
  -0.0015008682
  -0.0006402430
  -0.0040325782
  -0.0063335686
  -0.0003239310
  -0.0011595632
  -0.0080523756
  -0.0089766525
  -0.0019984217
  -0.0153892756
  -0.0045413156
  -0.0001544390
  -0.0108705792
  -0.0028873379
  -0.0107724439
   0.0158494574
   0.0202717593
   0.0196360908
   0.0196866197
   0.0167262188
   0.0176663258
   0.0135331146
   0.0066565752
  -0.0076046834
   0.0180428486
   0.0140012914
   0.0175577423
   0.0192061262
   0.0244204534
   0.0180642549
   0.0072123904
   0.0101168753
   0.0063714680
   0.0091219795
   0.0057870455
   0.0126065404
   0.0071306168
   0.0205494956
   0.0080634823
   0.0164161213
   0.0077236419
   0.0229184150
   0.0106056416
   0.0145682721
   0.0057886249
   0.0090376236
   0.0069998950
  -0.0012360182
  -0.0050191833
  -0.0030110745
  -0.0052647683
  -0.0085688675
  -0.0045293474
  -0.0105875504
  -0.0065722681
  -0.0100192593
  -0.0105052248
  -0.0020858122
  -0.0103700056
  -0.0104612294
  -0.0015002207
  -0.0110318824
  -0.0058668686
  -0.0073282493
  -0.0093230756
  -0.0036762045
  -0.0032827100
  -0.0064485187
  -0.0028237668
  -0.0020032254
   0.0017981118
   0.0025920663
   0.0002350157
   0.0026985307
   0.0006534276
   0.0027157670
   0.0040418367
   0.0035513884
   0.0043382478
   0.0028813164
   0.0032530022
  -0.0006825866
  -0.0012146706
  -0.0047080506
   0.0024791725
  -0.0050831736
  -0.0029409313
   0.0011723082
  -0.0098140436
  -0.0093537955
  -0.0163202659
  -0.0140964247
  -0.0151136381
  -0.0203953785
  -0.0200094889
  -0.0125389504
  -0.0207438741
  -0.0230729932
  -0.0201871891
  -0.0195316034
  -0.0232754147
  -0.0228411650
  -0.0196106899
  -0.0225920969
  -0.0205971644
  -0.0114347837
  -0.0187231544
  -0.0194653671
  -0.0151370044
  -0.0137763901
  -0.0128138030
  -0.0068053690
  -0.0003167723
   0.0027448330
  -0.0013310851
   0.0043137260
   0.0011744112
  -0.0017364578
   0.0030416863
  -0.0043634378
  -0.0029226262
  -0.0070249505
   0.0006290279
  -0.0128625994
  -0.0159627248
  -0.0212215540
  -0.0157235484
  -0.0247956417
  -0.0266846969
  -0.0238607950
  -0.0265658669
  -0.0294502298
  -0.0288963518
  -0.0246438003
  -0.0281229004
  -0.0302081727
  -0.0296445296
  -0.0261977486
  -0.0257821600
  -0.0287531495
  -0.0280282664
  -0.0231951350
  -0.0234873286
  -0.0250729663
  -0.0213063224
  -0.0142914644
  -0.0186323876
   0.0013930222
   0.0007981131
   0.0031544195
   0.0012891400
   0.0009747507
   0.0002787809
  -0.0038896804
   0.0034289331
  -0.0070208036
   0.0004277937
   0.0035237917
   0.0043510884
   0.0008976580
   0.0036593228
   0.0044789954
   0.0039889657
   0.0035794474
   0.0026842034
  -0.0006109424
   0.0003295727
  -0.0033220741
  -0.0107344996
  -0.0049257431
  -0.0011724322
  -0.0005027260
  -0.0003548182
  -0.0009065885
  -0.0039912789
  -0.0118222063
  -0.0005177148
  -0.0008132827
  -0.0017822337
  -0.0063827257
  -0.0036634101
   0.0207438411
   0.0270235973
   0.0229929413
   0.0211967551
   0.0199513811
   0.0276376189
   0.0234693778
   0.0213874192
   0.0200261817
   0.0282139397
   0.0237788219
   0.0212318644
   0.0288486440
   0.0238986019
   0.0209638811
   0.0236942986
  -0.0029191459
   0.0152821052
   0.0093699154
   0.0009896881
   0.0172665123
   0.0131147854
   0.0078074936
   0.0008277052
  -0.0045510161
   0.0145556006
   0.0104399770
   0.0064579225
   0.0080611711
   0.0126372981
   0.0160990535
   0.0116777124
   0.0096276380
   0.0128772503
   0.0082809319
   0.0029216979
   0.0055087535
   0.0107261766
   0.0140209228
   0.0157150150
   0.0118118210
   0.0056711169
  -0.0039525617
   0.0146026567
   0.0086730826
  -0.0009502830
   0.0270074371
   0.0157493157
   0.0217448537
   0.0304002478
   0.0134795254
   0.0199229244
   0.0247606982
   0.0303550743
   0.0138791348
   0.0201753563
   0.0249096649
   0.0270638254
   0.0166211867
   0.0222542026
   0.0219609773
   0.0164079359
   0.0021526343
  -0.0030644724
   0.0031984592
  -0.0007860808
   0.0030998426
  -0.0010038469
   0.0017212200
  -0.0040966028
  -0.0034445527
   0.0002351125
   0.0013611597
  -0.0004062553
  -0.0054097390
  -0.0024671062
   0.0013651989
   0.0018693303
  -0.0107854554
  -0.0027834721
   0.0014874274
   0.0029072316
   0.0020797025
  -0.0102598430
  -0.0019833302
   0.0022181496
  -0.0128920914
  -0.0082913261
  -0.0013454131
   0.0025343952
  -0.0122503968
  -0.0067776875
  -0.0011458845
   0.0021555413
   0.0032176502
   0.0012072836
   0.0007564090
  -0.0021792646
  -0.0004215962
   0.0020814947
   0.0018484649
   0.0012573295
  -0.0019090367
  -0.0019361958
  -0.0017659142
  -0.0015287006
  -0.0040984069
  -0.0054053592
  -0.0018251704
  -0.0009612014
  -0.0018531415
  -0.0054740524
  -0.0118419461
  -0.0017740322
  -0.0059937004
  -0.0142629788
  -0.0067919951
  -0.0176343596
  -0.0005437495
  -0.0017589993
  -0.0055698120
  -0.0135985612
  -0.0011803339
  -0.0018205567
  -0.0053834219
  -0.0123381333
  -0.0018120156
  -0.0020003568
  -0.0016201683
  -0.0042604031
  -0.0055497367
  -0.0010713028
  -0.0018982828
  -0.0075234816
  -0.0087422141
  -0.0029627330
  -0.0164675036
  -0.0064229220
  -0.0019010040
  -0.0178137892
  -0.0069777343
  -0.0022090504
  -0.0107401019
  -0.0039044355
  -0.0098141524
